413117,413333,413523,414334,414350,414714,414817,415092,415102,415679,415858,416012,416536,416714,417008,418182,418322,418978,419273,419276,419668,419785,419873,420173,420409,420976,421316,421385,422092,422480,422925,422977,423253,423779,423784,423912,424308,424512,424516,425010,425267,425581,425873,425948,426061,426174,426226,426457,427131,427329
428089,428129,428199,428584,428644,429802,429849,429981,429987,430214,430321,430559,430631,430737,430819,430855,431205,431478,431589,431903,431946,431974,432238,432273,432775,432873,433279,433295,433814,433849,434351,434835,435401,435457,435648,435682,435998,436013,436496,436532,436681,436897,437750,437986,438772,438842,438943,438988,439048,439438
439698,440699,440893,441436,442372,442541,442885,442970,443134,443271,443535,443542,443625,443995,444371,444949,445443,445471,445788,446052,446167,446200,446267,446843,446855,446908,447261,447951,447974,448487,448505,448723,448826,449130,449419,449431,449995,450609,450668,450763,450816,450875,450922,451220,451570,451846,451962,452750,453161,453381
454020,454031,454213,454512,454610,454913,455023,455222,455814,456337,456376,456907,456970,458367,458413,458414,458805,459044,459293,459481,459747,459765,459794,460043,460266,460328,460399,460605,460672,460746,461000,461336,461429,461910,461931,462294,462315,462690,462892,463182,463691,463933,464763,464984,465651,465692,465809,465898,465956,466150
466332,466748,467155,467202,467631,468001,468477,468526,468681,468700,468754,469429,469451,469891,469987,470310,470324,470665,471059,471386,471682,471736,472003,472168,472408,472480,473497,473928,473974,474095,474125,475483,475901,476050,476418,476690,477244,477516,478168,478317,479472,479643,480301,480483,480830,480879,480990,481083,481835,482125
482643,482652,482968,483072,483587,484306,484342,484615,484639,484705,484740,484863,485581,485703,485895,485926,485997,486191,486226,486806,487319,487322,487356,487360,487604,487693,487799,487939,487954,489128,489254,489435,489450,489489,489549,489733,489960,491300,491337,491452,491502,491564,492520,492786,492821,493242,493492,493865,493872,493928
494739,494929,494976,495417,495585,495650,495748,495874,496004,496027,496276,496359,496401,496997,497056,497854,498261,498647,498680,499297,499349,499484,499549,499960,500184,500847,501290,501499,501843,502780,503226,503454,503779,504183,504453,504501,504581,504829,505158,505258,505359,505642,505738,505994,506178,507485,507593,507631,508523,508582
509324,509402,510084,510085,510522,510862,511216,511261,511420,511797,512291,512659,512664,512801,512853,512908,512949,513338,513634,513938,514116,514633,514638,514936,515017,515050,515106,515207,515640,515730,515864,515953,515978,516070,517596,517687,518273,518479,518708,519206,519258,519294,519471,519680,519697,520133,520462,520579,520773,521049
521868,522429,522575,522620,523401,523447,523621,523744,524652,524808,525049,525406,525920,526030,526072,526210,526378,526594,526787,527384,527485,527551,528029,528163,528499,528863,528973,529029,529279,529288,529391,529556,529619,529909,530063,531023,531035,531156,531165,531285,531315,531625,531665,531722,531725,531870,532319,533253,533269,533989
534166,534276,534487,535018,535427,535555,535648,536066,536282,536353,536541,536947,537028,537268,537332,537768,538285,538532,538719,538793,539196,539456,539476,539738,539762,539860,539912,539947,540069,540084,540894,540922,540940,541331,541756,542139,542250,542257,542325,542453,543296,543448,543455,543557,544178,545001,545041,545146,545270,545427
545547,545596,545894,546176,546203,546929,546950,547491,549376,549418,549956,550106,550255,550647,550751,551097,551231,551239,551448,551970,552029,552230,552539,552575,553059,553429,553690,553786,553793,553797,553950,554057,554249,554502,554817,554831,555555,555947,556345,556696,556830,557082,557177,557524,557777,558055,558094,558162,558218,558530
558703,558925,559052,559069,559146,559233,559534,559886,560823,561048,561059,561252,561260,561512,561718,561735,561792,562095,562142,562208,562281,562767,562916,563435,563745,564717,565041,565736,565886,565947,566441,566442,566529,566667,566691,566724,566737,567519,568029,568037,568318,568471,568677,569164,569397,569624,569694,570271,570284,570646
570802,571695,571774,572349,572398,572764,572808,573104,573174,573561,573740,574781,575102,575644,575759,576050,576091,576248,577101,577685,578381,578848,579396,579530,579860,580071,580097,580098,580386,580655,580669,580754,580868,581011,581433,581645,581646,581755,581957,582283,582669,582745,582784,583031,583369,583391,583457,583838,584012,584689
584832,585636,585830,586050,586399,587141,587499,587665,588127,588151,588805,588826,589329,590238,590375,590523,590557,590875,590989,591150,591189,591190,591332,591402,591658,592227,592341,592349,592456,592481,592493,592869,593634,593775,593911,594249,594300,594603,594777,595206,595334,595461,595791,596175,596828,597370,598035,598532,598549,598731