793601,793841,794589,794782,795155,795204,795731,796564,797950,798269,798324,798340,798454,798480,798690,799138,799502,799726,800379,800477,800718,800798,801064,801194,801916,802198,802807,802868,802903,803489,803512,803781,804398,804502,804706,805385,805817,805877,806778,806902,807081,807364,807615,807975,808045,808089,808095,808398,808411,808463
808991,809439,809456,809584,809892,809996,810135,810734,810807,810848,811090,811816,812256,812551,813713,814152,814531,814636,814767,814902,815445,815624,816010,816212,816255,816395,816669,816733,816762,816821,816851,817747,817931,818387,818792,818848,819143,819611,820162,820451,820816,821004,821395,821538,821789,822669,823366,823429,823586,823680
823948,824220,824612,824737,824790,825062,825131,825387,825412,825846,826277,826989,827087,827132,827183,827190,827201,827254,827260,827280,827361,827432,828187,828500,829047,829317,829521,829665,830019,830126,830828,831402,831627,831977,832211,832892,832908,833069,833143,833154,833476,833588,834617,834642,835367,835684,836502,837337,837551,837694
837799,837817,837822,838103,838598,838707,838775,839176,839404,839855,839975,839989,840894,841083,841235,841391,841446,841474,841718,842064,842328,842330,842865,843279,843714,843851,843925,844058,844323,844392,844965,845005,845039,845070,845335,845522,845658,845706,845878,845913,846078,846256,847192,847355,847655,847719,847782,848011,848039,848180
848218,848240,848271,848480,848768,849134,850184,850702,850716,851039,851407,851680,851951,852149,852213,852277,852417,852636,852671,853640,853787,853882,854124,854322,854549,854567,855426,855527,855593,855621,855911,856013,856694,856747,856935,856981,857664,858490,858504,858606,859267,859376,859710,859800,859873,860037,860317,860355,860883,861359
861907,862409,862505,862954,863108,863185,863685,864236,864237,864884,864976,865549,865701,865965,866100,866879,867092,867288,867927,868340,868484,868508,868521,868668,868846,868956,869022,869026,869342,869399,869461,869523,869740,869884,870080,870576,870892,870983,872794,873135,873184,873226,873401,873427,873562,874249,874506,875810,876363,876673
876885,877141,877634,877850,878139,879109,879900,879988,880025,880097,880356,880366,880506,880670,881033,881351,881621,881791,882040,882456,882502,882540,882865,882996,884086,885093,885301,885559,885799,885844,885855,886226,886250,886392,886634,887268,887316,887674,888287,889013,889052,889501,889556,889872,890175,890342,890738,890831,891132,891233
891350,891631,891889,891953,892147,892307,892421,892429,892890,892971,894264,894352,894510,894542,894709,896214,897262,898370,898701,898778,899900,900284,900742,900905,900928,901058,901329,902643,902793,902855,903001,903118,903391,903817,903934,904392,905388,905447,905545,905571,906168,907087,908344,908755,908793,908853,909143,909331,909593,909719
909778,909863,909968,910062,910132,910313,910720,910939,911321,911674,911779,911784,911977,912069,912086,912339,912858,913297,913485,913764,913974,914530,914797,915128,915231,916494,916754,916808,916876,917535,917884,918078,918578,918622,918967,919253,919345,919396,919496,919848,919964,920143,920266,920560,921780,921986,922107,922302,922345,922692
923340,923426,923498,923541,924269,924436,924481,924751,924943,925393,925503,925576,925757,926305,926683,926836,927117,927910,928010,928370,928571,928760,929738,930603,930881,931043,931129,931301,931317,931579,932245,932364,932965,934480,935531,935593,936755,936893,936984,937207,937491,937897,937996,938080,938083,938247,938334,938678,938897,939016
939262,939454,940319,940744,941104,941138,941198,941656,941841,942269,942525,942681,943135,943210,943424,943425,943519,944131,944555,944918,945181,946054,947083,947172,947463,947666,947831,948169,948384,948601,949508,950224,950614,951007,951081,951741,952088,952371,952849,953821,954119,954640,954989,955102,956167,956181,956289,956469,956963,957050
957225,957431,957564,957835,958150,958233,958294,958364,958483,958687,958936,959357,960103,960216,960516,961075,961105,961568,962001,962241,962458,962554,962771,963552,963590,963701,963736,963851,964053,964700,964709,965904,965943,966225,966639,966688,966859,967777,967821,968081,968234,968658,968693,968915,968939,969535,970384,970532,970940,971735
971865,972186,972470,972479,972826,973247,974498,974586,975123,975425,975565,975619,975632,975644,975908,976038,976329,976425,977097,977160,977245,977693,978220,978274,978644,979492,979816,979899,980801,980931,980959,981003,981096,981281,981519,982510,982762,982928,983127,983360,983749,983990,984109,984476,984485,984565,984574,984707,984773,984838
984987,985358,985727,986317,986376,986429,986498,986663,986706,986802,987013,987043,987728,987765,987817,988162,988348,988391,988674,989489,989514,990807,990902,991386,991428,991547,991909,991920,992073,993068,993336,993678,993893,993930,994421,994760,995589,996117,996123,996350,996725,996941,998496,998740,998757,998938,999111,999316,999811,999902