598735,598988,599231,599343,599515,599792,599998,600509,600629,601269,601439,601985,601995,602010,602444,602564,602771,603094,603121,603240,603746,603846,603913,603998,604102,604415,604518,604732,604858,605018,605882,606207,606596,606670,606910,606938,607141,607928,607950,608133,608150,608255,608318,608926,609169,609254,609285,609516,610152,610226
610368,610392,610500,611731,612551,612804,613507,613941,614154,614441,614528,615182,615846,616027,616455,616725,616934,617159,617240,617301,618138,618196,618652,619088,619103,619222,619363,619416,619788,620028,620280,620294,620381,620482,620655,620771,620812,621100,621118,621377,621651,621815,623065,623105,623118,623549,623637,623823,623836,624077
624133,624171,624173,624899,624965,625224,625434,625817,625820,625924,625968,625981,626162,626169,626342,626713,626746,627702,627751,627896,628053,628054,628322,629042,629396,629872,629900,629909,630096,630176,630200,630691,630712,631193,631204,631591,631679,631923,632106,632359,632660,632834,633531,634162,634277,634982,635110,635434,635816,636050
636128,636462,636498,636659,636911,637040,637769,637800,637820,637995,638378,638429,638431,638738,639271,639350,640037,640648,640662,640794,640961,641146,641373,641462,641559,641687,641752,642251,642311,642395,643368,643894,644135,644602,645762,645839,645929,646015,646064,646181,646404,647167,647821,648139,648380,648429,648692,648869,648983,648986
649156,649264,649460,649500,650180,650256,651163,651417,651629,652185,652423,653832,654314,654417,654914,655009,655011,655111,655394,656206,656412,656428,656627,656714,656862,657046,657232,657404,658081,658287,658318,658344,658561,658904,659543,659740,659943,660262,660599,660751,661067,661238,661472,661535,661622,661819,662096,662192,662419,662684
662723,662804,662855,662899,662987,663441,663945,664145,664147,664474,665050,665107,665190,665519,665527,665548,665583,666328,666747,667100,667427,667998,668070,668667,668861,669056,669168,669604,669621,670099,670474,671282,672193,672367,672857,672958,673512,674320,674662,674846,675094,675109,675578,676023,676086,676162,676306,676375,676402,676424
676521,677289,677478,677883,678478,678649,679053,679065,679126,679509,679890,680071,680568,681303,681320,681836,681868,682027,682285,682764,683169,683765,683879,683937,684255,684586,685078,685350,685518,685532,686218,686454,686474,686809,687465,687757,688304,689084,689086,689302,689448,689552,689851,689852,689938,690389,691044,691157,691330,691414
691458,691566,692557,692813,692977,693168,693227,693883,693898,694419,694559,694856,695214,695427,695968,696163,696172,696200,696495,696602,696786,696879,697069,697112,697471,697517,697688,697746,698026,698487,699703,699765,699818,699989,699991,700351,701029,701310,701587,701614,702286,702493,703362,703427,703858,703867,704106,704117,704336,704394
704453,704477,704509,704527,704939,705023,705076,705754,705879,705916,706078,706354,707168,707177,707237,707319,707573,707813,708313,709178,709553,709993,710161,710247,710356,710807,711351,711673,712026,712102,712173,712244,712359,712416,712800,713162,713350,713449,713761,713967,714368,714404,714906,715053,715656,716067,716828,716984,716990,717056
717075,717755,717843,717871,717888,718789,719376,719601,719812,719983,720394,720716,721037,721555,721901,722285,722928,723401,723922,724024,724484,725161,725233,725274,725768,726111,726531,726565,726975,727174,727338,727343,727527,728358,728656,729251,729328,729361,729539,730159,730405,730821,731171,731277,731431,731637,731671,732763,733027,733221
733299,733537,733616,734056,734657,736006,736061,736141,736499,736943,736945,737148,738045,738360,738394,738603,738809,738975,739363,739480,739907,739953,740010,740148,740591,740654,740999,741272,741578,741668,741994,742201,742232,742442,742522,742629,743028,743146,743153,743301,743509,743891,743910,744419,744775,745632,746381,746616,746960,747355
748805,749346,749413,749498,749509,749657,749747,749995,750787,751032,751161,751628,751736,751797,752209,752256,752528,753031,753251,753959,755224,755411,755504,755586,755607,756001,756366,756831,757421,757651,757709,757932,758264,758556,758587,758606,759409,760430,761370,761475,762376,762870,763096,763896,764022,764340,764463,764467,764833,766455
766687,766713,767087,767815,768012,768044,768192,768215,768425,768486,768755,768764,768883,769273,769315,769402,769971,770050,770214,770467,770808,771090,771176,771279,771610,772138,772604,772630,772839,773047,773611,773944,773976,774042,774253,774297,774510,774731,774767,774974,775159,775424,775641,775769,776159,776649,776857,776865,777083,777301
777470,778290,779142,779209,779501,779593,779675,779918,780111,780556,780581,780596,780608,781638,781959,782036,783139,783597,784251,784369,784509,784889,785382,785569,785687,785749,785754,786023,786202,786329,786497,786927,787684,788017,788162,788400,788480,788615,790504,790676,790702,790780,791655,791682,791835,791898,791903,792814,792828,792833