#Node,X,Y

0,387,362

1,375,324

2,387,324

3,375,337

4,387,337

5,375,249

6,387,249

7,375,274

8,387,274

9,375,287

10,387,287

11,375,224

12,387,224

13,375,237

14,387,237

15,375,99

16,387,99

17,375,149

18,387,149

19,375,174

20,387,174

21,375,162

22,387,162

23,375,124

24,387,124

25,375,137

26,387,137

27,375,49

28,387,49

29,375,74

30,387,74

31,375,62

32,387,62

33,375,24

34,387,24

35,375,37

36,387,37

37,350,399

38,374,399

39,350,599

40,374,599

41,350,699

42,374,699

43,350,749

44,374,749

45,362,750

46,362,799

47,363,774

48,374,774

49,350,774

50,362,774

51,350,724

52,374,724

53,350,712

54,374,712

55,362,700

56,362,712

57,362,600

58,362,699

59,363,649

60,374,649

61,363,674

62,374,674

63,363,662

64,374,662

65,363,624

66,374,624

67,363,637

68,374,637

69,363,612

70,374,612

71,350,649

72,362,649

73,350,674

74,362,674

75,350,624

76,362,624

77,350,612

78,362,612

79,350,499

80,374,499

81,362,500

82,362,599

83,363,549

84,374,549

85,363,574

86,374,574

87,363,587

88,374,587

89,363,562

90,374,562

91,363,524

92,374,524

93,363,537

94,374,537

95,350,549

96,362,549

97,350,574

98,362,574

99,350,524

100,362,524

101,350,537

102,362,537

103,350,512

104,362,512

105,362,400

106,362,499

107,363,449

108,374,449

109,363,474

110,374,474

111,363,424

112,374,424

113,363,437

114,374,437

115,363,412

116,374,412

117,350,449

118,362,449

119,350,474

120,362,474

121,350,487

122,362,487

123,350,424

124,362,424

125,350,437

126,362,437

127,362,0

128,362,399

129,363,199

130,374,199

131,363,299

132,374,299

133,363,349

134,374,349

135,363,374

136,374,374

137,363,387

138,374,387

139,363,324

140,374,324

141,363,249

142,374,249

143,363,274

144,374,274

145,363,262

146,374,262

147,363,224

148,374,224

149,363,212

150,374,212

151,363,99

152,374,99

153,363,149

154,374,149

155,363,174

156,374,174

157,363,162

158,374,162

159,363,124

160,374,124

161,363,112

162,374,112

163,363,49

164,374,49

165,363,74

166,374,74

167,363,87

168,374,87

169,363,24

170,374,24

171,350,199

172,362,199

173,350,299

174,362,299

175,350,349

176,362,349

177,350,374

178,362,374

179,350,324

180,362,324

181,350,337

182,362,337

183,350,312

184,362,312

185,350,249

186,362,249

187,350,274

188,362,274

189,350,224

190,362,224

191,350,99

192,362,99

193,350,149

194,362,149

195,350,174

196,362,174

197,350,187

198,362,187

199,350,124

200,362,124

201,350,49

202,362,49

203,350,74

204,362,74

205,350,24

206,362,24

207,350,12

208,362,12

209,324,0

210,324,799

211,325,399

212,349,399

213,337,400

214,337,799

215,338,599

216,349,599

217,338,699

218,349,699

219,338,749

220,349,749

221,338,774

222,349,774

223,338,724

224,349,724

225,338,712

226,349,712

227,338,649

228,349,649

229,338,674

230,349,674

231,338,624

232,349,624

233,338,612

234,349,612

235,338,499

236,349,499

237,338,549

238,349,549

239,338,574

240,349,574

241,338,524

242,349,524

243,338,537

244,349,537

245,338,512

246,349,512

247,338,449

248,349,449

249,338,474

250,349,474

251,338,487

252,349,487

253,338,424

254,349,424

255,338,437

256,349,437

257,325,599

258,337,599

259,325,699

260,337,699

261,325,749

262,337,749

263,325,774

264,337,774

265,325,724

266,337,724

267,325,737

268,337,737

269,325,712

270,337,712

271,325,649

272,337,649

273,325,674

274,337,674

275,325,687

276,337,687

277,325,662

278,337,662

279,325,624

280,337,624

281,325,612

282,337,612

283,325,499

284,337,499

285,325,549

286,337,549

287,325,574

288,337,574

289,325,587

290,337,587

291,325,562

292,337,562

293,325,524

294,337,524

295,325,537

296,337,537

297,325,449

298,337,449

299,325,474

300,337,474

301,325,487

302,337,487

303,325,462

304,337,462

305,325,424

306,337,424

307,325,412

308,337,412

309,337,0

310,337,399

311,338,199

312,349,199

313,338,299

314,349,299

315,338,349

316,349,349

317,338,374

318,349,374

319,338,387

320,349,387

321,338,362

322,349,362

323,338,324

324,349,324

325,338,337

326,349,337

327,338,249

328,349,249

329,338,274

330,349,274

331,338,224

332,349,224

333,338,99

334,349,99

335,338,149

336,349,149

337,338,174

338,349,174

339,338,162

340,349,162

341,338,124

342,349,124

343,338,49

344,349,49

345,338,74

346,349,74

347,338,24

348,349,24

349,325,199

350,337,199

351,325,299

352,337,299

353,325,349

354,337,349

355,325,374

356,337,374

357,325,387

358,337,387

359,325,324

360,337,324

361,325,249

362,337,249

363,325,274

364,337,274

365,325,287

366,337,287

367,325,262

368,337,262

369,325,224

370,337,224

371,325,212

372,337,212

373,325,99

374,337,99

375,325,149

376,337,149

377,325,174

378,337,174

379,325,187

380,337,187

381,325,162

382,337,162

383,325,124

384,337,124

385,325,137

386,337,137

387,325,49

388,337,49

389,325,74

390,337,74

391,325,24

392,337,24

393,325,37

394,337,37

395,325,12

396,337,12

397,312,0

398,312,799

399,313,399

400,324,399

401,313,599

402,324,599

403,313,699

404,324,699

405,313,749

406,324,749

407,313,774

408,324,774

409,313,762

410,324,762

411,313,724

412,324,724

413,313,737

414,324,737

415,313,712

416,324,712

417,313,649

418,324,649

419,313,674

420,324,674

421,313,624

422,324,624

423,313,499

424,324,499

425,313,549

426,324,549

427,313,574

428,324,574

429,313,587

430,324,587

431,313,562

432,324,562

433,313,524

434,324,524

435,313,537

436,324,537

437,313,512

438,324,512

439,313,449

440,324,449

441,313,474

442,324,474

443,313,487

444,324,487

445,313,424

446,324,424

447,313,437

448,324,437

449,313,199

450,324,199

451,313,299

452,324,299

453,313,349

454,324,349

455,313,374

456,324,374

457,313,387

458,324,387

459,313,362

460,324,362

461,313,324

462,324,324

463,313,337

464,324,337

465,313,249

466,324,249

467,313,274

468,324,274

469,313,287

470,324,287

471,313,224

472,324,224

473,313,237

474,324,237

475,313,99

476,324,99

477,313,149

478,324,149

479,313,174

480,324,174

481,313,124

482,324,124

483,313,137

484,324,137

485,313,112

486,324,112

487,313,49

488,324,49

489,313,74

490,324,74

491,313,87

492,324,87

493,313,62

494,324,62

495,313,24

496,324,24

497,313,12

498,324,12

499,300,399

500,312,399

501,300,599

502,312,599

503,300,699

504,312,699

505,300,749

506,312,749

507,300,774

508,312,774

509,300,762

510,312,762

511,300,724

512,312,724

513,300,737

514,312,737

515,300,712

516,312,712

517,300,649

518,312,649

519,300,674

520,312,674

521,300,624

522,312,624

523,300,612

524,312,612

525,300,499

526,312,499

527,300,549

528,312,549

529,300,574

530,312,574

531,300,562

532,312,562

533,300,524

534,312,524

535,300,537

536,312,537

537,300,449

538,312,449

539,300,474

540,312,474

541,300,487

542,312,487

543,300,462

544,312,462

545,300,424

546,312,424

547,300,412

548,312,412

549,300,199

550,312,199

551,300,299

552,312,299

553,300,349

554,312,349

555,300,374

556,312,374

557,300,387

558,312,387

559,300,362

560,312,362

561,300,324

562,312,324

563,300,337

564,312,337

565,300,249

566,312,249

567,300,274

568,312,274

569,300,262

570,312,262

571,300,224

572,312,224

573,300,99

574,312,99

575,300,149

576,312,149

577,300,174

578,312,174

579,300,187

580,312,187

581,300,124

582,312,124

583,300,49

584,312,49

585,300,74

586,312,74

587,300,62

588,312,62

589,300,24

590,312,24

591,300,12

592,312,12

593,249,0

594,249,799

595,274,0

596,274,799

597,287,0

598,287,799

599,288,399

600,299,399

601,288,599

602,299,599

603,288,699

604,299,699

605,288,749

606,299,749

607,288,774

608,299,774

609,288,762

610,299,762

611,288,724

612,299,724

613,288,712

614,299,712

615,288,649

616,299,649

617,288,674

618,299,674

619,288,662

620,299,662

621,288,624

622,299,624

623,288,637

624,299,637

625,288,499

626,299,499

627,288,549

628,299,549

629,288,574

630,299,574

631,288,562

632,299,562

633,288,524

634,299,524

635,288,537

636,299,537

637,288,512

638,299,512

639,288,449

640,299,449

641,288,474

642,299,474

643,288,487

644,299,487

645,288,424

646,299,424

647,288,412

648,299,412

649,288,199

650,299,199

651,288,299

652,299,299

653,288,349

654,299,349

655,288,374

656,299,374

657,288,362

658,299,362

659,288,324

660,299,324

661,288,337

662,299,337

663,288,249

664,299,249

665,288,274

666,299,274

667,288,224

668,299,224

669,288,237

670,299,237

671,288,99

672,299,99

673,288,149

674,299,149

675,288,174

676,299,174

677,288,187

678,299,187

679,288,162

680,299,162

681,288,124

682,299,124

683,288,137

684,299,137

685,288,49

686,299,49

687,288,74

688,299,74

689,288,87

690,299,87

691,288,62

692,299,62

693,288,24

694,299,24

695,288,12

696,299,12

697,275,399

698,287,399

699,275,599

700,287,599

701,275,699

702,287,699

703,275,749

704,287,749

705,275,774

706,287,774

707,275,787

708,287,787

709,275,762

710,287,762

711,275,724

712,287,724

713,275,649

714,287,649

715,275,674

716,287,674

717,275,687

718,287,687

719,275,624

720,287,624

721,275,612

722,287,612

723,275,499

724,287,499

725,275,549

726,287,549

727,275,574

728,287,574

729,275,562

730,287,562

731,275,524

732,287,524

733,275,512

734,287,512

735,275,449

736,287,449

737,275,474

738,287,474

739,275,424

740,287,424

741,275,437

742,287,437

743,275,199

744,287,199

745,275,299

746,287,299

747,275,349

748,287,349

749,275,374

750,287,374

751,275,324

752,287,324

753,275,249

754,287,249

755,275,274

756,287,274

757,275,224

758,287,224

759,275,212

760,287,212

761,275,99

762,287,99

763,275,149

764,287,149

765,275,174

766,287,174

767,275,187

768,287,187

769,275,162

770,287,162

771,275,124

772,287,124

773,275,49

774,287,49

775,275,74

776,287,74

777,275,24

778,287,24

779,275,37

780,287,37

781,262,0

782,262,799

783,263,399

784,274,399

785,263,599

786,274,599

787,263,699

788,274,699

789,263,749

790,274,749

791,263,774

792,274,774

793,263,787

794,274,787

795,263,724

796,274,724

797,263,737

798,274,737

799,263,712

800,274,712

801,263,649

802,274,649

803,263,674

804,274,674

805,263,624

806,274,624

807,263,612

808,274,612

809,263,499

810,274,499

811,263,549

812,274,549

813,263,574

814,274,574

815,263,562

816,274,562

817,263,524

818,274,524

819,263,449

820,274,449

821,263,474

822,274,474

823,263,424

824,274,424

825,263,437

826,274,437

827,263,412

828,274,412

829,263,199

830,274,199

831,263,299

832,274,299

833,263,349

834,274,349

835,263,374

836,274,374

837,263,324

838,274,324

839,263,337

840,274,337

841,263,249

842,274,249

843,263,274

844,274,274

845,263,224

846,274,224

847,263,237

848,274,237

849,263,99

850,274,99

851,263,149

852,274,149

853,263,174

854,274,174

855,263,187

856,274,187

857,263,162

858,274,162

859,263,124

860,274,124

861,263,137

862,274,137

863,263,112

864,274,112

865,263,49

866,274,49

867,263,74

868,274,74

869,263,24

870,274,24

871,263,37

872,274,37

873,250,399

874,262,399

875,250,599

876,262,599

877,250,699

878,262,699

879,250,749

880,262,749

881,250,774

882,262,774

883,250,724

884,262,724

885,250,712

886,262,712

887,250,649

888,262,649

889,250,674

890,262,674

891,250,687

892,262,687

893,250,662

894,262,662

895,250,624

896,262,624

897,250,612

898,262,612

899,250,499

900,262,499

901,250,549

902,262,549

903,250,574

904,262,574

905,250,587

906,262,587

907,250,562

908,262,562

909,250,524

910,262,524

911,250,512

912,262,512

913,250,449

914,262,449

915,250,474

916,262,474

917,250,487

918,262,487

919,250,424

920,262,424

921,250,437

922,262,437

923,250,412

924,262,412

925,250,199

926,262,199

927,250,299

928,262,299

929,250,349

930,262,349

931,250,374

932,262,374

933,250,324

934,262,324

935,250,337

936,262,337

937,250,312

938,262,312

939,250,249

940,262,249

941,250,274

942,262,274

943,250,224

944,262,224

945,250,237

946,262,237

947,250,99

948,262,99

949,250,149

950,262,149

951,250,174

952,262,174

953,250,187

954,262,187

955,250,162

956,262,162

957,250,124

958,262,124

959,250,137

960,262,137

961,250,49

962,262,49

963,250,74

964,262,74

965,250,87

966,262,87

967,250,62

968,262,62

969,250,24

970,262,24

971,250,12

972,262,12

973,224,0

974,224,799

975,237,0

976,237,799

977,238,399

978,249,399

979,238,599

980,249,599

981,238,699

982,249,699

983,238,749

984,249,749

985,238,774

986,249,774

987,238,762

988,249,762

989,238,724

990,249,724

991,238,737

992,249,737

993,238,712

994,249,712

995,238,649

996,249,649

997,238,674

998,249,674

999,238,662

1000,249,662

1001,238,624

1002,249,624

1003,238,499

1004,249,499

1005,238,549

1006,249,549

1007,238,574

1008,249,574

1009,238,562

1010,249,562

1011,238,524

1012,249,524

1013,238,537

1014,249,537

1015,238,512

1016,249,512

1017,238,449

1018,249,449

1019,238,474

1020,249,474

1021,238,487

1022,249,487

1023,238,462

1024,249,462

1025,238,424

1026,249,424

1027,238,437

1028,249,437

1029,238,199

1030,249,199

1031,238,299

1032,249,299

1033,238,349

1034,249,349

1035,238,374

1036,249,374

1037,238,324

1038,249,324

1039,238,337

1040,249,337

1041,238,249

1042,249,249

1043,238,274

1044,249,274

1045,238,262

1046,249,262

1047,238,224

1048,249,224

1049,238,237

1050,249,237

1051,238,212

1052,249,212

1053,238,99

1054,249,99

1055,238,149

1056,249,149

1057,238,174

1058,249,174

1059,238,187

1060,249,187

1061,238,162

1062,249,162

1063,238,124

1064,249,124

1065,238,137

1066,249,137

1067,238,49

1068,249,49

1069,238,74

1070,249,74

1071,238,62

1072,249,62

1073,238,24

1074,249,24

1075,225,399

1076,237,399

1077,225,599

1078,237,599

1079,225,699

1080,237,699

1081,225,749

1082,237,749

1083,225,774

1084,237,774

1085,225,762

1086,237,762

1087,225,724

1088,237,724

1089,225,737

1090,237,737

1091,225,712

1092,237,712

1093,225,649

1094,237,649

1095,225,674

1096,237,674

1097,225,624

1098,237,624

1099,225,637

1100,237,637

1101,225,612

1102,237,612

1103,225,499

1104,237,499

1105,225,549

1106,237,549

1107,225,574

1108,237,574

1109,225,587

1110,237,587

1111,225,524

1112,237,524

1113,225,449

1114,237,449

1115,225,474

1116,237,474

1117,225,487

1118,237,487

1119,225,424

1120,237,424

1121,225,437

1122,237,437

1123,225,199

1124,237,199

1125,225,299

1126,237,299

1127,225,349

1128,237,349

1129,225,374

1130,237,374

1131,225,362

1132,237,362

1133,225,324

1134,237,324

1135,225,337

1136,237,337

1137,225,249

1138,237,249

1139,225,274

1140,237,274

1141,225,287

1142,237,287

1143,225,224

1144,237,224

1145,225,237

1146,237,237

1147,225,212

1148,237,212

1149,225,99

1150,237,99

1151,225,149

1152,237,149

1153,225,174

1154,237,174

1155,225,162

1156,237,162

1157,225,124

1158,237,124

1159,225,137

1160,237,137

1161,225,49

1162,237,49

1163,225,74

1164,237,74

1165,225,62

1166,237,62

1167,225,24

1168,237,24

1169,200,399

1170,224,399

1171,200,599

1172,224,599

1173,200,699

1174,224,699

1175,212,700

1176,212,799

1177,213,749

1178,224,749

1179,213,774

1180,224,774

1181,213,787

1182,224,787

1183,213,724

1184,224,724

1185,213,737

1186,224,737

1187,213,712

1188,224,712

1189,200,749

1190,212,749

1191,200,774

1192,212,774

1193,200,787

1194,212,787

1195,200,724

1196,212,724

1197,200,712

1198,212,712

1199,212,600

1200,212,699

1201,213,649

1202,224,649

1203,213,674

1204,224,674

1205,213,624

1206,224,624

1207,213,612

1208,224,612

1209,200,649

1210,212,649

1211,200,674

1212,212,674

1213,200,662

1214,212,662

1215,200,624

1216,212,624

1217,200,637

1218,212,637

1219,212,400

1220,212,599

1221,213,499

1222,224,499

1223,213,549

1224,224,549

1225,213,574

1226,224,574

1227,213,587

1228,224,587

1229,213,524

1230,224,524

1231,213,512

1232,224,512

1233,213,449

1234,224,449

1235,213,474

1236,224,474

1237,213,487

1238,224,487

1239,213,424

1240,224,424

1241,213,437

1242,224,437

1243,200,499

1244,212,499

1245,200,549

1246,212,549

1247,200,574

1248,212,574

1249,200,524

1250,212,524

1251,200,537

1252,212,537

1253,200,449

1254,212,449

1255,200,474

1256,212,474

1257,200,462

1258,212,462

1259,200,424

1260,212,424

1261,200,199

1262,224,199

1263,200,299

1264,224,299

1265,200,349

1266,224,349

1267,212,350

1268,212,399

1269,213,374

1270,224,374

1271,213,387

1272,224,387

1273,200,374

1274,212,374

1275,200,324

1276,224,324

1277,200,337

1278,224,337

1279,212,338

1280,212,349

1281,200,312

1282,224,312

1283,212,300

1284,212,312

1285,200,249

1286,224,249

1287,200,274

1288,224,274

1289,200,287

1290,224,287

1291,212,250

1292,212,274

1293,213,262

1294,224,262

1295,200,262

1296,212,262

1297,200,224

1298,224,224

1299,212,225

1300,212,249

1301,200,237

1302,212,237

1303,212,200

1304,212,224

1305,200,212

1306,212,212

1307,200,99

1308,224,99

1309,212,100

1310,212,199

1311,213,149

1312,224,149

1313,213,174

1314,224,174

1315,213,187

1316,224,187

1317,213,124

1318,224,124

1319,213,137

1320,224,137

1321,200,149

1322,212,149

1323,200,174

1324,212,174

1325,200,187

1326,212,187

1327,200,124

1328,212,124

1329,212,0

1330,212,99

1331,213,49

1332,224,49

1333,213,74

1334,224,74

1335,213,24

1336,224,24

1337,213,37

1338,224,37

1339,200,49

1340,212,49

1341,200,74

1342,212,74

1343,200,62

1344,212,62

1345,200,24

1346,212,24

1347,200,37

1348,212,37

1349,200,12

1350,212,12

1351,99,0

1352,99,799

1353,149,0

1354,149,799

1355,174,0

1356,174,799

1357,175,399

1358,199,399

1359,187,400

1360,187,799

1361,188,599

1362,199,599

1363,188,699

1364,199,699

1365,188,749

1366,199,749

1367,188,774

1368,199,774

1369,188,787

1370,199,787

1371,188,724

1372,199,724

1373,188,737

1374,199,737

1375,188,649

1376,199,649

1377,188,674

1378,199,674

1379,188,662

1380,199,662

1381,188,624

1382,199,624

1383,188,637

1384,199,637

1385,188,612

1386,199,612

1387,188,499

1388,199,499

1389,188,549

1390,199,549

1391,188,574

1392,199,574

1393,188,587

1394,199,587

1395,188,524

1396,199,524

1397,188,537

1398,199,537

1399,188,449

1400,199,449

1401,188,474

1402,199,474

1403,188,487

1404,199,487

1405,188,462

1406,199,462

1407,188,424

1408,199,424

1409,188,437

1410,199,437

1411,188,412

1412,199,412

1413,175,599

1414,187,599

1415,175,699

1416,187,699

1417,175,749

1418,187,749

1419,175,774

1420,187,774

1421,175,724

1422,187,724

1423,175,712

1424,187,712

1425,175,649

1426,187,649

1427,175,674

1428,187,674

1429,175,687

1430,187,687

1431,175,624

1432,187,624

1433,175,499

1434,187,499

1435,175,549

1436,187,549

1437,175,574

1438,187,574

1439,175,587

1440,187,587

1441,175,562

1442,187,562

1443,175,524

1444,187,524

1445,175,537

1446,187,537

1447,175,449

1448,187,449

1449,175,474

1450,187,474

1451,175,487

1452,187,487

1453,175,462

1454,187,462

1455,175,424

1456,187,424

1457,175,412

1458,187,412

1459,187,0

1460,187,399

1461,188,199

1462,199,199

1463,188,299

1464,199,299

1465,188,349

1466,199,349

1467,188,374

1468,199,374

1469,188,362

1470,199,362

1471,188,324

1472,199,324

1473,188,249

1474,199,249

1475,188,274

1476,199,274

1477,188,224

1478,199,224

1479,188,237

1480,199,237

1481,188,212

1482,199,212

1483,188,99

1484,199,99

1485,188,149

1486,199,149

1487,188,174

1488,199,174

1489,188,124

1490,199,124

1491,188,49

1492,199,49

1493,188,74

1494,199,74

1495,188,87

1496,199,87

1497,188,24

1498,199,24

1499,188,37

1500,199,37

1501,175,199

1502,187,199

1503,175,299

1504,187,299

1505,175,349

1506,187,349

1507,175,374

1508,187,374

1509,175,362

1510,187,362

1511,175,324

1512,187,324

1513,175,337

1514,187,337

1515,175,249

1516,187,249

1517,175,274

1518,187,274

1519,175,287

1520,187,287

1521,175,224

1522,187,224

1523,175,237

1524,187,237

1525,175,212

1526,187,212

1527,175,99

1528,187,99

1529,175,149

1530,187,149

1531,175,174

1532,187,174

1533,175,162

1534,187,162

1535,175,124

1536,187,124

1537,175,49

1538,187,49

1539,175,74

1540,187,74

1541,175,87

1542,187,87

1543,175,62

1544,187,62

1545,175,24

1546,187,24

1547,175,12

1548,187,12

1549,150,399

1550,174,399

1551,162,400

1552,162,799

1553,163,599

1554,174,599

1555,163,699

1556,174,699

1557,163,749

1558,174,749

1559,163,774

1560,174,774

1561,163,724

1562,174,724

1563,163,649

1564,174,649

1565,163,674

1566,174,674

1567,163,687

1568,174,687

1569,163,662

1570,174,662

1571,163,624

1572,174,624

1573,163,637

1574,174,637

1575,163,612

1576,174,612

1577,163,499

1578,174,499

1579,163,549

1580,174,549

1581,163,574

1582,174,574

1583,163,524

1584,174,524

1585,163,449

1586,174,449

1587,163,474

1588,174,474

1589,163,487

1590,174,487

1591,163,424

1592,174,424

1593,163,412

1594,174,412

1595,150,599

1596,162,599

1597,150,699

1598,162,699

1599,150,749

1600,162,749

1601,150,774

1602,162,774

1603,150,724

1604,162,724

1605,150,649

1606,162,649

1607,150,674

1608,162,674

1609,150,662

1610,162,662

1611,150,624

1612,162,624

1613,150,612

1614,162,612

1615,150,499

1616,162,499

1617,150,549

1618,162,549

1619,150,574

1620,162,574

1621,150,562

1622,162,562

1623,150,524

1624,162,524

1625,150,449

1626,162,449

1627,150,474

1628,162,474

1629,150,462

1630,162,462

1631,150,424

1632,162,424

1633,150,199

1634,174,199

1635,150,299

1636,174,299

1637,162,300

1638,162,399

1639,163,349

1640,174,349

1641,163,374

1642,174,374

1643,163,324

1644,174,324

1645,150,349

1646,162,349

1647,150,374

1648,162,374

1649,150,387

1650,162,387

1651,150,324

1652,162,324

1653,150,312

1654,162,312

1655,162,200

1656,162,299

1657,163,249

1658,174,249

1659,163,274

1660,174,274

1661,163,224

1662,174,224

1663,150,249

1664,162,249

1665,150,274

1666,162,274

1667,150,224

1668,162,224

1669,150,237

1670,162,237

1671,150,99

1672,174,99

1673,162,100

1674,162,199

1675,163,149

1676,174,149

1677,163,174

1678,174,174

1679,163,187

1680,174,187

1681,163,162

1682,174,162

1683,163,124

1684,174,124

1685,163,112

1686,174,112

1687,150,149

1688,162,149

1689,150,174

1690,162,174

1691,150,162

1692,162,162

1693,150,124

1694,162,124

1695,150,112

1696,162,112

1697,150,49

1698,174,49

1699,150,74

1700,174,74

1701,162,75

1702,162,99

1703,162,0

1704,162,49

1705,163,24

1706,174,24

1707,150,24

1708,162,24

1709,150,12

1710,162,12

1711,124,0

1712,124,799

1713,137,0

1714,137,799

1715,138,399

1716,149,399

1717,138,599

1718,149,599

1719,138,699

1720,149,699

1721,138,749

1722,149,749

1723,138,774

1724,149,774

1725,138,787

1726,149,787

1727,138,724

1728,149,724

1729,138,737

1730,149,737

1731,138,712

1732,149,712

1733,138,649

1734,149,649

1735,138,674

1736,149,674

1737,138,687

1738,149,687

1739,138,662

1740,149,662

1741,138,624

1742,149,624

1743,138,499

1744,149,499

1745,138,549

1746,149,549

1747,138,574

1748,149,574

1749,138,562

1750,149,562

1751,138,524

1752,149,524

1753,138,449

1754,149,449

1755,138,474

1756,149,474

1757,138,487

1758,149,487

1759,138,462

1760,149,462

1761,138,424

1762,149,424

1763,138,437

1764,149,437

1765,138,412

1766,149,412

1767,138,199

1768,149,199

1769,138,299

1770,149,299

1771,138,349

1772,149,349

1773,138,374

1774,149,374

1775,138,387

1776,149,387

1777,138,362

1778,149,362

1779,138,324

1780,149,324

1781,138,337

1782,149,337

1783,138,312

1784,149,312

1785,138,249

1786,149,249

1787,138,274

1788,149,274

1789,138,287

1790,149,287

1791,138,262

1792,149,262

1793,138,224

1794,149,224

1795,138,99

1796,149,99

1797,138,149

1798,149,149

1799,138,174

1800,149,174

1801,138,187

1802,149,187

1803,138,124

1804,149,124

1805,138,137

1806,149,137

1807,138,49

1808,149,49

1809,138,74

1810,149,74

1811,138,24

1812,149,24

1813,138,37

1814,149,37

1815,125,399

1816,137,399

1817,125,599

1818,137,599

1819,125,699

1820,137,699

1821,125,749

1822,137,749

1823,125,774

1824,137,774

1825,125,787

1826,137,787

1827,125,762

1828,137,762

1829,125,724

1830,137,724

1831,125,649

1832,137,649

1833,125,674

1834,137,674

1835,125,687

1836,137,687

1837,125,624

1838,137,624

1839,125,499

1840,137,499

1841,125,549

1842,137,549

1843,125,574

1844,137,574

1845,125,524

1846,137,524

1847,125,449

1848,137,449

1849,125,474

1850,137,474

1851,125,424

1852,137,424

1853,125,437

1854,137,437

1855,125,199

1856,137,199

1857,125,299

1858,137,299

1859,125,349

1860,137,349

1861,125,374

1862,137,374

1863,125,324

1864,137,324

1865,125,337

1866,137,337

1867,125,249

1868,137,249

1869,125,274

1870,137,274

1871,125,287

1872,137,287

1873,125,262

1874,137,262

1875,125,224

1876,137,224

1877,125,212

1878,137,212

1879,125,99

1880,137,99

1881,125,149

1882,137,149

1883,125,174

1884,137,174

1885,125,187

1886,137,187

1887,125,124

1888,137,124

1889,125,137

1890,137,137

1891,125,49

1892,137,49

1893,125,74

1894,137,74

1895,125,24

1896,137,24

1897,125,37

1898,137,37

1899,125,12

1900,137,12

1901,100,399

1902,124,399

1903,100,599

1904,124,599

1905,112,600

1906,112,799

1907,113,699

1908,124,699

1909,113,749

1910,124,749

1911,113,774

1912,124,774

1913,113,787

1914,124,787

1915,113,724

1916,124,724

1917,113,649

1918,124,649

1919,113,674

1920,124,674

1921,113,687

1922,124,687

1923,113,662

1924,124,662

1925,113,624

1926,124,624

1927,100,699

1928,112,699

1929,100,749

1930,112,749

1931,100,774

1932,112,774

1933,100,724

1934,112,724

1935,100,737

1936,112,737

1937,100,649

1938,112,649

1939,100,674

1940,112,674

1941,100,662

1942,112,662

1943,100,624

1944,112,624

1945,100,637

1946,112,637

1947,100,612

1948,112,612

1949,112,400

1950,112,599

1951,113,499

1952,124,499

1953,113,549

1954,124,549

1955,113,574

1956,124,574

1957,113,587

1958,124,587

1959,113,524

1960,124,524

1961,113,537

1962,124,537

1963,113,449

1964,124,449

1965,113,474

1966,124,474

1967,113,487

1968,124,487

1969,113,424

1970,124,424

1971,100,499

1972,112,499

1973,100,549

1974,112,549

1975,100,574

1976,112,574

1977,100,587

1978,112,587

1979,100,524

1980,112,524

1981,100,537

1982,112,537

1983,100,449

1984,112,449

1985,100,474

1986,112,474

1987,100,462

1988,112,462

1989,100,424

1990,112,424

1991,100,412

1992,112,412

1993,112,0

1994,112,399

1995,113,199

1996,124,199

1997,113,299

1998,124,299

1999,113,349

2000,124,349

2001,113,374

2002,124,374

2003,113,387

2004,124,387

2005,113,362

2006,124,362

2007,113,324

2008,124,324

2009,113,337

2010,124,337

2011,113,312

2012,124,312

2013,113,249

2014,124,249

2015,113,274

2016,124,274

2017,113,262

2018,124,262

2019,113,224

2020,124,224

2021,113,99

2022,124,99

2023,113,149

2024,124,149

2025,113,174

2026,124,174

2027,113,187

2028,124,187

2029,113,124

2030,124,124

2031,113,137

2032,124,137

2033,113,112

2034,124,112

2035,113,49

2036,124,49

2037,113,74

2038,124,74

2039,113,62

2040,124,62

2041,113,24

2042,124,24

2043,113,37

2044,124,37

2045,113,12

2046,124,12

2047,100,199

2048,112,199

2049,100,299

2050,112,299

2051,100,349

2052,112,349

2053,100,374

2054,112,374

2055,100,362

2056,112,362

2057,100,324

2058,112,324

2059,100,249

2060,112,249

2061,100,274

2062,112,274

2063,100,262

2064,112,262

2065,100,224

2066,112,224

2067,100,212

2068,112,212

2069,100,99

2070,112,99

2071,100,149

2072,112,149

2073,100,174

2074,112,174

2075,100,124

2076,112,124

2077,100,137

2078,112,137

2079,100,112

2080,112,112

2081,100,49

2082,112,49

2083,100,74

2084,112,74

2085,100,87

2086,112,87

2087,100,62

2088,112,62

2089,100,24

2090,112,24

2091,49,0

2092,49,799

2093,74,0

2094,74,799

2095,75,399

2096,99,399

2097,87,400

2098,87,799

2099,88,599

2100,99,599

2101,88,699

2102,99,699

2103,88,749

2104,99,749

2105,88,774

2106,99,774

2107,88,724

2108,99,724

2109,88,649

2110,99,649

2111,88,674

2112,99,674

2113,88,687

2114,99,687

2115,88,662

2116,99,662

2117,88,624

2118,99,624

2119,88,637

2120,99,637

2121,88,499

2122,99,499

2123,88,549

2124,99,549

2125,88,574

2126,99,574

2127,88,562

2128,99,562

2129,88,524

2130,99,524

2131,88,537

2132,99,537

2133,88,449

2134,99,449

2135,88,474

2136,99,474

2137,88,462

2138,99,462

2139,88,424

2140,99,424

2141,88,437

2142,99,437

2143,88,412

2144,99,412

2145,75,599

2146,87,599

2147,75,699

2148,87,699

2149,75,749

2150,87,749

2151,75,774

2152,87,774

2153,75,762

2154,87,762

2155,75,724

2156,87,724

2157,75,649

2158,87,649

2159,75,674

2160,87,674

2161,75,624

2162,87,624

2163,75,499

2164,87,499

2165,75,549

2166,87,549

2167,75,574

2168,87,574

2169,75,587

2170,87,587

2171,75,524

2172,87,524

2173,75,537

2174,87,537

2175,75,449

2176,87,449

2177,75,474

2178,87,474

2179,75,487

2180,87,487

2181,75,424

2182,87,424

2183,75,437

2184,87,437

2185,87,0

2186,87,399

2187,88,199

2188,99,199

2189,88,299

2190,99,299

2191,88,349

2192,99,349

2193,88,374

2194,99,374

2195,88,362

2196,99,362

2197,88,324

2198,99,324

2199,88,337

2200,99,337

2201,88,312

2202,99,312

2203,88,249

2204,99,249

2205,88,274

2206,99,274

2207,88,224

2208,99,224

2209,88,237

2210,99,237

2211,88,99

2212,99,99

2213,88,149

2214,99,149

2215,88,174

2216,99,174

2217,88,187

2218,99,187

2219,88,124

2220,99,124

2221,88,112

2222,99,112

2223,88,49

2224,99,49

2225,88,74

2226,99,74

2227,88,87

2228,99,87

2229,88,24

2230,99,24

2231,75,199

2232,87,199

2233,75,299

2234,87,299

2235,75,349

2236,87,349

2237,75,374

2238,87,374

2239,75,324

2240,87,324

2241,75,249

2242,87,249

2243,75,274

2244,87,274

2245,75,224

2246,87,224

2247,75,237

2248,87,237

2249,75,99

2250,87,99

2251,75,149

2252,87,149

2253,75,174

2254,87,174

2255,75,162

2256,87,162

2257,75,124

2258,87,124

2259,75,137

2260,87,137

2261,75,49

2262,87,49

2263,75,74

2264,87,74

2265,75,62

2266,87,62

2267,75,24

2268,87,24

2269,75,37

2270,87,37

2271,75,12

2272,87,12

2273,62,0

2274,62,799

2275,63,399

2276,74,399

2277,63,599

2278,74,599

2279,63,699

2280,74,699

2281,63,749

2282,74,749

2283,63,774

2284,74,774

2285,63,762

2286,74,762

2287,63,724

2288,74,724

2289,63,737

2290,74,737

2291,63,712

2292,74,712

2293,63,649

2294,74,649

2295,63,674

2296,74,674

2297,63,662

2298,74,662

2299,63,624

2300,74,624

2301,63,612

2302,74,612

2303,63,499

2304,74,499

2305,63,549

2306,74,549

2307,63,574

2308,74,574

2309,63,587

2310,74,587

2311,63,562

2312,74,562

2313,63,524

2314,74,524

2315,63,449

2316,74,449

2317,63,474

2318,74,474

2319,63,462

2320,74,462

2321,63,424

2322,74,424

2323,63,412

2324,74,412

2325,63,199

2326,74,199

2327,63,299

2328,74,299

2329,63,349

2330,74,349

2331,63,374

2332,74,374

2333,63,362

2334,74,362

2335,63,324

2336,74,324

2337,63,249

2338,74,249

2339,63,274

2340,74,274

2341,63,287

2342,74,287

2343,63,224

2344,74,224

2345,63,99

2346,74,99

2347,63,149

2348,74,149

2349,63,174

2350,74,174

2351,63,124

2352,74,124

2353,63,137

2354,74,137

2355,63,112

2356,74,112

2357,63,49

2358,74,49

2359,63,74

2360,74,74

2361,63,24

2362,74,24

2363,63,37

2364,74,37

2365,50,399

2366,62,399

2367,50,599

2368,62,599

2369,50,699

2370,62,699

2371,50,749

2372,62,749

2373,50,774

2374,62,774

2375,50,724

2376,62,724

2377,50,737

2378,62,737

2379,50,712

2380,62,712

2381,50,649

2382,62,649

2383,50,674

2384,62,674

2385,50,687

2386,62,687

2387,50,624

2388,62,624

2389,50,637

2390,62,637

2391,50,499

2392,62,499

2393,50,549

2394,62,549

2395,50,574

2396,62,574

2397,50,587

2398,62,587

2399,50,524

2400,62,524

2401,50,512

2402,62,512

2403,50,449

2404,62,449

2405,50,474

2406,62,474

2407,50,487

2408,62,487

2409,50,424

2410,62,424

2411,50,437

2412,62,437

2413,50,199

2414,62,199

2415,50,299

2416,62,299

2417,50,349

2418,62,349

2419,50,374

2420,62,374

2421,50,387

2422,62,387

2423,50,324

2424,62,324

2425,50,337

2426,62,337

2427,50,249

2428,62,249

2429,50,274

2430,62,274

2431,50,224

2432,62,224

2433,50,212

2434,62,212

2435,50,99

2436,62,99

2437,50,149

2438,62,149

2439,50,174

2440,62,174

2441,50,162

2442,62,162

2443,50,124

2444,62,124

2445,50,49

2446,62,49

2447,50,74

2448,62,74

2449,50,24

2450,62,24

2451,24,0

2452,24,799

2453,25,399

2454,49,399

2455,25,599

2456,49,599

2457,37,600

2458,37,799

2459,38,699

2460,49,699

2461,38,749

2462,49,749

2463,38,774

2464,49,774

2465,38,762

2466,49,762

2467,38,724

2468,49,724

2469,38,649

2470,49,649

2471,38,674

2472,49,674

2473,38,662

2474,49,662

2475,38,624

2476,49,624

2477,25,699

2478,37,699

2479,25,749

2480,37,749

2481,25,774

2482,37,774

2483,25,762

2484,37,762

2485,25,724

2486,37,724

2487,25,737

2488,37,737

2489,25,712

2490,37,712

2491,25,649

2492,37,649

2493,25,674

2494,37,674

2495,25,687

2496,37,687

2497,25,624

2498,37,624

2499,25,637

2500,37,637

2501,25,612

2502,37,612

2503,25,499

2504,49,499

2505,37,500

2506,37,599

2507,38,549

2508,49,549

2509,38,574

2510,49,574

2511,38,524

2512,49,524

2513,25,549

2514,37,549

2515,25,574

2516,37,574

2517,25,587

2518,37,587

2519,25,524

2520,37,524

2521,25,537

2522,37,537

2523,25,512

2524,37,512

2525,25,449

2526,49,449

2527,25,474

2528,49,474

2529,25,462

2530,49,462

2531,37,450

2532,37,462

2533,25,424

2534,49,424

2535,37,425

2536,37,449

2537,25,437

2538,37,437

2539,37,400

2540,37,424

2541,37,0

2542,37,399

2543,38,199

2544,49,199

2545,38,299

2546,49,299

2547,38,349

2548,49,349

2549,38,374

2550,49,374

2551,38,362

2552,49,362

2553,38,324

2554,49,324

2555,38,337

2556,49,337

2557,38,312

2558,49,312

2559,38,249

2560,49,249

2561,38,274

2562,49,274

2563,38,287

2564,49,287

2565,38,262

2566,49,262

2567,38,224

2568,49,224

2569,38,99

2570,49,99

2571,38,149

2572,49,149

2573,38,174

2574,49,174

2575,38,124

2576,49,124

2577,38,49

2578,49,49

2579,38,74

2580,49,74

2581,38,87

2582,49,87

2583,38,62

2584,49,62

2585,38,24

2586,49,24

2587,25,199

2588,37,199

2589,25,299

2590,37,299

2591,25,349

2592,37,349

2593,25,374

2594,37,374

2595,25,387

2596,37,387

2597,25,362

2598,37,362

2599,25,324

2600,37,324

2601,25,337

2602,37,337

2603,25,312

2604,37,312

2605,25,249

2606,37,249

2607,25,274

2608,37,274

2609,25,287

2610,37,287

2611,25,262

2612,37,262

2613,25,224

2614,37,224

2615,25,237

2616,37,237

2617,25,212

2618,37,212

2619,25,99

2620,37,99

2621,25,149

2622,37,149

2623,25,174

2624,37,174

2625,25,162

2626,37,162

2627,25,124

2628,37,124

2629,25,49

2630,37,49

2631,25,74

2632,37,74

2633,25,62

2634,37,62

2635,25,24

2636,37,24

2637,25,37

2638,37,37

2639,25,12

2640,37,12

2641,12,0

2642,12,799

2643,13,399

2644,24,399

2645,13,599

2646,24,599

2647,13,699

2648,24,699

2649,13,749

2650,24,749

2651,13,774

2652,24,774

2653,13,762

2654,24,762

2655,13,724

2656,24,724

2657,13,737

2658,24,737

2659,13,712

2660,24,712

2661,13,649

2662,24,649

2663,13,674

2664,24,674

2665,13,687

2666,24,687

2667,13,624

2668,24,624

2669,13,637

2670,24,637

2671,13,499

2672,24,499

2673,13,549

2674,24,549

2675,13,574

2676,24,574

2677,13,524

2678,24,524

2679,13,537

2680,24,537

2681,13,449

2682,24,449

2683,13,474

2684,24,474

2685,13,462

2686,24,462

2687,13,424

2688,24,424

2689,13,437

2690,24,437

2691,13,199

2692,24,199

2693,13,299

2694,24,299

2695,13,349

2696,24,349

2697,13,374

2698,24,374

2699,13,387

2700,24,387

2701,13,324

2702,24,324

2703,13,312

2704,24,312

2705,13,249

2706,24,249

2707,13,274

2708,24,274

2709,13,262

2710,24,262

2711,13,224

2712,24,224

2713,13,99

2714,24,99

2715,13,149

2716,24,149

2717,13,174

2718,24,174

2719,13,162

2720,24,162

2721,13,124

2722,24,124

2723,13,49

2724,24,49

2725,13,74

2726,24,74

2727,13,24

2728,24,24

2729,13,37

2730,24,37

2731,13,12

2732,24,12

2733,0,399

2734,12,399

2735,0,599

2736,12,599

2737,0,699

2738,12,699

2739,0,749

2740,12,749

2741,0,774

2742,12,774

2743,0,762

2744,12,762

2745,0,724

2746,12,724

2747,0,649

2748,12,649

2749,0,674

2750,12,674

2751,0,687

2752,12,687

2753,0,624

2754,12,624

2755,0,637

2756,12,637

2757,0,499

2758,12,499

2759,0,549

2760,12,549

2761,0,574

2762,12,574

2763,0,562

2764,12,562

2765,0,524

2766,12,524

2767,0,449

2768,12,449

2769,0,474

2770,12,474

2771,0,462

2772,12,462

2773,0,424

2774,12,424

2775,0,199

2776,12,199

2777,0,299

2778,12,299

2779,0,349

2780,12,349

2781,0,374

2782,12,374

2783,0,362

2784,12,362

2785,0,324

2786,12,324

2787,0,337

2788,12,337

2789,0,312

2790,12,312

2791,0,249

2792,12,249

2793,0,274

2794,12,274

2795,0,224

2796,12,224

2797,0,99

2798,12,99

2799,0,149

2800,12,149

2801,0,174

2802,12,174

2803,0,187

2804,12,187

2805,0,162

2806,12,162

2807,0,124

2808,12,124

2809,0,137

2810,12,137

2811,0,49

2812,12,49

2813,0,74

2814,12,74

2815,0,24

2816,12,24

