4440, 4442, 4443, 4444, 4445, 4447, 4451, 4452, 4453, 4455, 4456, 4460, 4464, 4467, 4470, 4478, 4482, 4483, 4485, 4487, 4489, 4492, 4494, 4495, 4496, 4499, 4502, 4504, 4505, 4507, 4508, 4509, 4512, 4514, 4516, 4518, 4520, 4521, 4522, 4526, 4531
4532, 4533, 4536, 4537, 4538, 4540, 4546, 4551, 4552, 4553, 4554, 4558, 4559, 4561, 4564, 4566, 4567, 4568, 4569, 4571, 4573, 4578, 4579, 4581, 4583, 4584, 4587, 4588, 4589, 4591, 4592, 4593, 4595, 4596, 4598, 4599, 4602, 4606, 4607, 4609, 4610
4612, 4617, 4618, 4619, 4620, 4623, 4624, 4626, 4629, 4630, 4635, 4636, 4641, 4642, 4646, 4647, 4649, 4650, 4651, 4653, 4654, 4657, 4658, 4661, 4662, 4666, 4668, 4670, 4671, 4672, 4674, 4676, 4680, 4681, 4682, 4684, 4688, 4689, 4694, 4696, 4701
4705, 4706, 4709, 4710, 4711, 4714, 4716, 4721, 4722, 4723, 4726, 4727, 4728, 4729, 4732, 4734, 4735, 4739, 4742, 4743, 4744, 4745, 4747, 4749, 4750, 4755, 4757, 4758, 4760, 4762, 4763, 4764, 4765, 4767, 4768, 4770, 4771, 4772, 4773, 4775, 4777
4785, 4789, 4790, 4792, 4793, 4794, 4797, 4799, 4801, 4802, 4803, 4804, 4805, 4806, 4808, 4810, 4812, 4813, 4814, 4815, 4816, 4817, 4819, 4820, 4827, 4828, 4829, 4830, 4835, 4836, 4840, 4843, 4844, 4847, 4848, 4850, 4854, 4855, 4856, 4859, 4860
4861, 4863, 4864, 4867, 4870, 4871, 4873, 4874, 4875, 4880, 4881, 4883, 4884, 4885, 4887, 4888, 4889, 4891, 4892, 4893, 4895, 4897, 4900, 4901, 4904, 4907, 4908, 4909, 4912, 4914, 4915, 4919, 4921, 4922, 4923, 4924, 4927, 4932, 4935, 4936, 4937
4879, 4938, 4939, 4942, 4943, 4945, 4947, 4948, 4949, 4951, 4952, 4956, 4957, 4961, 4965, 4966, 4971, 4972, 4974, 4976, 4977, 4978, 4979, 4980, 4981, 4985, 4986, 4987, 4988, 4989, 4991, 4992, 4993, 4994, 4995, 4996, 4997, 5000, 5001, 5002, 5003
5004, 5011, 5012, 5013, 5014, 5016, 5017, 5020, 5022, 5023, 5024, 5025, 5027, 5028, 5029, 5033, 5034, 5036, 5041, 5042, 5045, 5046, 5047, 5052, 5053, 5054, 5056, 5057, 5058, 5059, 5062, 5063, 5065, 5066, 5067, 5072, 5074, 5079, 5082, 5083, 5087
5088, 5089, 5090, 5093, 5094, 5096, 5102, 5104, 5106, 5108, 5111, 5114, 5116, 5119, 5123, 5126, 5127, 5129, 5131, 5133, 5138, 5140, 5141, 5146, 5147, 5153, 5157, 5160, 5164, 5166, 5167, 5168, 5169, 5170, 5172, 5173, 5175, 5177, 5178, 5182, 5183
5186, 5188, 5190, 5194, 5195, 5197, 5200, 5201, 5202, 5203, 5204, 5205, 5213, 5215, 5216, 5218, 5219, 5220, 5229, 5230, 5232, 5233, 5237, 5239, 5240, 5244, 5246, 5247, 5250, 5251, 5253, 5254, 5255, 5258, 5259, 5260, 5262, 5266, 5268, 5269, 5270
5271, 5272, 5273, 5276, 5277, 5279, 5280, 5281, 5283, 5284, 5286, 5289, 5291, 5294, 5295, 5296, 5297, 5298, 5304, 5305, 5310, 5311, 5312, 5316, 5320, 5322, 5324, 5326, 5329, 5331, 5332, 5333, 5334, 5340, 5341, 5342, 5343, 5344, 5346, 5348, 5349
5350, 5354, 5355, 5358, 5362, 5363, 5364, 5365, 5366, 5367, 5368, 5369, 5373, 5374, 5375, 5376, 5380, 5385, 5390, 5392, 5394, 5396, 5397, 5400, 5403, 5404, 5405, 5410, 5412, 5413, 5419, 5421, 5422, 5423, 5428, 5432, 5439, 5440, 5441, 5443, 5446
5447, 5451, 5452, 5454, 5455, 5458, 5461, 5464, 5466, 5469, 5470, 5471, 5478, 5483, 5484, 5485, 5489, 5490, 5493, 5495, 5496, 5498, 5504, 5510, 5511, 5512, 5513, 5514, 5515, 5517, 5518, 5521, 5523, 5527, 5529, 5530, 5533, 5534, 5535, 5537, 5540
5541, 5542, 5544, 5547, 5548, 5550, 5551, 5555, 5556, 5557, 5559, 5561, 5562, 5563, 5564, 5566, 5568, 5569, 5570, 5572, 5574, 5575, 5576, 5579, 5581, 5582, 5583, 5585, 5587, 5588, 5589, 5591, 5593, 5594, 5595, 5601, 5602, 5603, 5604, 5605, 5606