0, 1, 4, 5, 6, 11, 13, 15, 16, 17, 19, 21, 22, 25, 27, 28, 29, 32, 38, 39, 40, 42, 44, 47, 49, 50, 53, 56, 57, 59, 60, 61, 62, 63, 64, 65, 67, 68, 69, 70, 71
72, 79, 81, 82, 83, 84, 85, 89, 94, 97, 102, 103, 104, 105, 108, 109, 113, 117, 118, 119, 122, 126, 128, 129, 132, 135, 136, 137, 138, 142, 147, 148, 153, 155, 157, 158, 159, 160, 166, 168, 170
78, 96, 100, 143, 145, 171, 175, 177, 179, 181, 182, 183, 184, 186, 187, 190, 191, 193, 195, 196, 198, 199, 200, 201, 204, 205, 206, 207, 208, 212, 213, 214, 215, 217, 218, 220, 222, 223, 224, 228, 231  
234, 237, 239, 240, 241, 242, 244, 245, 249, 250, 252, 253, 254, 257, 258, 259, 260, 261, 264, 265, 267, 268, 270, 271, 273, 275, 276, 277, 278, 282, 283, 284, 287, 288, 290, 291, 292, 295, 297, 299, 300
266, 285, 301, 304, 305, 306, 309, 310, 311, 313, 318, 319, 321, 322, 324, 325, 326, 329, 330, 338, 339, 341, 342, 345, 346, 348, 349, 351, 352, 354, 355, 358, 361, 362, 364, 365, 367, 369, 370, 371, 372
373, 375, 376, 378, 379, 380, 382, 384, 386, 388, 389, 390, 391, 392, 393, 394, 395, 399, 401, 404, 405, 409, 412, 414, 415, 417, 419, 420, 422, 423, 424, 426, 427, 428, 430, 431, 434, 436, 437, 442, 443
421, 444, 445, 448, 450, 451, 456, 457, 459, 462, 463, 469, 470, 471, 472, 473, 474, 475, 476, 479, 481, 482, 483, 484, 486, 487, 489, 491, 492, 495, 496, 499, 500, 501, 503, 504, 506, 509, 510, 513, 514
517, 520, 521, 524, 526, 530, 536, 537, 539, 540, 543, 547, 549, 554, 555, 561, 562, 565, 567, 573, 578, 579, 582, 584, 585, 587, 588, 589, 591, 592, 595, 603, 605, 606, 608, 609, 613, 614, 615, 618, 620
478, 515, 525, 527, 531, 541, 557, 558, 571, 576, 583, 590, 616, 621, 623, 624, 625, 627, 629, 631, 635, 639, 642, 643, 645, 646, 648, 649, 650, 651, 653, 654, 655, 657, 661, 662, 663, 664, 666, 667, 670
671, 672, 673, 674, 675, 676, 677, 678, 679, 681, 686, 690, 691, 694, 695, 697, 700, 702, 704, 707, 708, 711, 712, 714, 715, 717, 720, 721, 722, 724, 727, 728, 729, 730, 732, 735, 736, 739, 749, 750, 751
719, 744, 753, 754, 755, 756, 759, 760, 762, 764, 765, 766, 770, 773, 774, 776, 777, 778, 779, 781, 782, 785, 787, 789, 790, 791, 795, 798, 799, 800, 801, 802, 803, 806, 807, 808, 809, 810, 812, 813, 815
822, 823, 827, 829, 831, 832, 834, 835, 841, 842, 846, 847, 848, 850, 851, 853, 857, 858, 859, 862, 863, 868, 869, 871, 875, 876, 881, 882, 883, 885, 887, 893, 894, 896, 897, 901, 904, 906, 907, 908, 909
910, 911, 915, 916, 919, 922, 923, 925, 927, 930, 931, 932, 933, 934, 936, 937, 940, 944, 946, 951, 953, 954, 957, 959, 960, 963, 965, 966, 969, 970, 971, 974, 977, 979, 980, 981, 982, 985, 986, 987, 988
989, 991, 992, 993, 994, 995, 997, 998, 1004, 1007, 1008, 1009, 1011, 1012, 1013, 1014, 1016, 1017, 1018, 1019, 1021, 1022, 1024, 1026, 1028, 1029, 1031, 1032, 1035, 1036, 1039, 1041, 1046, 1047, 1049, 1050, 1051, 1052, 1053, 1060, 1062